cam_model: EquidistantCamera
cam_width: 720
cam_height: 540
scale: 1.0
cam_fx: 352.6489794433894
cam_fy: 352.8586498571586
cam_cx: 347.8170010310082
cam_cy: 270.5806692485468
# Kannala-Brandt distortion parameters
k1: -0.039086652082708805
k2: -0.005525347047415151
k3: 0.004398151558986798
k4: -0.0019701263170917808
